0.05 0.0999952294616
0.15 0.0999931113547
0.25 0.0999871067807
0.35 0.0999718075196
0.45 0.0999320531599
0.55 0.0998241886059
0.65 0.0995156594159
0.75 0.0985715173689
0.85 0.0953661920555
0.95 0.0816418790224
1.05 0.0344037848474
1.15 0.0251217269823
1.25 0.0198683478067
1.35 0.0163092226921
1.45 0.0137115457479
1.55 0.011729950803
1.65 0.01017160572
1.75 0.00891782273618
1.85 0.0078908267387
1.95 0.00703701106365
2.05 0.0063183439399
2.15 0.00570701759285
2.25 0.00518218668665
2.35 0.00472788311046
2.45 0.00433177231822
2.55 0.00398422121391
2.65 0.00367745908029
2.75 0.00340525029952
2.85 0.00316253436693
2.95 0.00294508071182
3.05 0.00274965945558
3.15 0.00257309254469
3.25 0.00241330913287
3.35 0.00226799776667
3.45 0.00213543283499
3.55 0.00201443567475
3.65 0.00190337854811
3.75 0.00180134268193
3.85 0.00170735887681
3.95 0.0016206031835
4.05 0.00154026782923
4.15 0.00146578348113
4.25 0.00139671854183
4.35 0.0013323323429
4.45 0.00127239288947
4.55 0.00121631971062
4.65 0.00116401646788
4.75 0.00111494606931
4.85 0.00106886370786
4.95 0.0010257664863
5.05 0.000985109685237
5.15 0.000946893344816
5.25 0.00091070476658
5.35 0.000876740582682
5.45 0.000844657563547
5.55 0.000814136657604
5.65 0.000785320172085
5.75 0.000758155093946
5.85 0.000732271358424
5.95 0.000707614340219
6.05 0.000684345902078
6.15 0.000661961575654
6.25 0.000640903297566
6.35 0.000620812581588
6.45 0.000601564613773
6.55 0.000583198337031
6.65 0.000565702667572
6.75 0.000549038803806
6.85 0.000533032580611
6.95 0.000517609149728
7.05 0.000503007591898
7.15 0.000488841525765
7.25 0.000475568885691
7.35 0.000462653772913
7.45 0.000450054533525
7.55 0.0004382522312
7.65 0.000426906598657
7.75 0.000415929298067
7.85 0.000405213695821
7.95 0.000395136493151
8.05 0.000385276646563
8.15 0.000375992918549
8.25 0.000366895313133
8.35 0.000358131587395
8.45 0.000349492763407
8.55 0.000341426368263
8.65 0.000333513158084
8.75 0.000326015657385
8.85 0.000318571755504
8.95 0.000311527661107
9.05 0.000304619592976
9.15 0.000297864755348
9.25 0.000291605302812
9.35 0.000285446733537
9.45 0.000279424857713
9.55 0.000273576978302
9.65 0.000267808686336
9.75 0.000262451593928
9.85 0.000256935574331
9.95 0.000251873193013
